1.104 1.293
-0.283 5.219
-1.739 9.34
0.353 3.418
1.593 -0.092
-0.831 6.771
1.178 1.085
0.215 3.811
0.843 2.031
0.032 4.326
0.325 3.498
1.566 -0.015
0.151 3.991
1.355 0.584
-0.619 6.168
0.351 3.423
0.022 4.356
0.313 3.533
0.662 2.544
-0.992 7.225
-1.054 7.401
-0.746 6.529
1.433 0.362
-0.192 4.96
-0.69 6.371
-0.067 4.608
1.33 0.654
1.343 0.616
0.155 3.978
-0.071 4.618
-1.42 8.435
0.586 2.76
0.296 3.581
-0.258 5.149
-0.959 7.132
-0.515 5.874
-2.633 11.867
0.327 3.491
0.592 2.743
0.697 2.446
-0.824 6.75
0.25 3.71
-1.262 7.99
0.868 1.963
1.565 -0.01
1.978 -1.181
-0.171 4.901
0.056 4.258
1.049 1.449
-1.762 9.404
