0.089 1
-1.219 1
1.711 1
0.01 1
-1.73 1
0.481 1
-4.197 1
0.473 1
-2.6 1
0.755 1
-1.733 1
0.799 1
0.608 1
-5.084 1
-1.914 1
-3.099 1
-0.986 1
-0.627 1
1.799 1
0.202 1
-2.215 1
-1.711 1
0.487 1
3.5 1
1.285 1
1.223 1
0.319 1
2.009 1
1.423 1
-1.483 1
-0.516 1
-0.444 1
1.51 1
2.084 1
-3.425 1
-1.959 1
2.571 1
-2.672 1
3.11 1
-2.014 1
-0.66 1
1.642 1
0.718 1
1.119 1
-2.215 1
0.392 1
1.184 1
-2.908 1
-3.063 1
2.855 1
1.018 2
0.552 2
0.837 2
1.169 2
1.631 2
-0.208 2
0.185 2
2.845 2
2.525 2
0.917 2
1.483 2
0.185 2
1.873 2
0.534 2
-0.851 2
-0.048 2
4.679 2
-0.007 2
-1.474 2
-2.938 2
1.146 2
1.208 2
-0.294 2
0.271 2
0.367 2
2.834 2
-2.257 2
1.977 2
1.754 2
0.353 2
-0.978 2
0.764 2
2.679 2
0.178 2
-3.119 2
-0.082 2
-1.483 2
-1.872 2
0.089 2
-0.537 2
1.366 2
1.106 2
-0.805 2
-1.219 2
-1.412 2
-4.019 2
-1.938 2
-1.078 2
2.678 2
2.446 2
