-0.766 0.575
1.723 0.668
0.56 -0.421
-0.083 -0.201
2.774 1.91
0.387 0.034
2.442 2.18
1.837 2.865
1.722 -0.134
0.773 0.021
0.61 0.006
0.535 2.792
-0.079 0.342
1.416 0.422
1.188 -0.794
1.549 1.048
0.796 0.71
-0.034 2.503
1.358 -0.752
1.872 -0.068
2.024 1.516
1.479 1.575
-0.537 2.629
1.889 -0.16
-0.181 -1.402
-1.516 0.201
0.343 -0.643
2.272 0.457
0.859 -0.014
-0.805 -0.032
-0.396 2.229
0.717 -1.888
1.963 -0.518
1.102 1.754
1.28 0.864
0.481 1.08
2.773 -0.263
-0.336 -0.041
1.363 0.065
-0.337 1.355
1.211 0.754
-0.684 -0.106
0.509 0.626
1.345 2.663
1.601 1.866
0.116 2.308
1.577 0.387
-0.653 2.209
2.345 -1.607
1.439 -2.062
